
42064168
42250109
42245522
42301760
42080426
42272199
42203781
42257392
42241010
42226658
42157702
42015500
42280521
41948893
41954101
42225027
42212363
42283413
42300662
42257377
42244303
42245235
42224300
42120230
42100000
41981798
41839404
41741258
41679272
40952887
39991941
42209706
42138152
42191812
42132093
42169476
42196132
42085142
42197289
42232175
42173418
42270262
42270237
42270220
42208180
42202391
42161058
42172754
42235356
42219142
42224664
42289352
41962484
41956056
41950704
41946098
41932022
41931956
42276214
42274831
42202084
42300456
42265803
42264457
42262669
42207980
42101944
42266188
42257840
42257801
42257738
42250065
42283337
42249269
42247065
42278601
42263566
42255669
42243242
42241423
42280225
42255155
42251781
42280758
42279754
42255701
42137469
42279731
42270443
42255659
42136537
42305218
42307895
42307848
42308254
42310304
42308989
42241829
42310525
42308644
42308731
42224993
42319576
42314708
42320814
42319846
42329160
41997665
42322470
42326440
42327709
42322904
42326626
